100
10
15,3,17,12,10,2,20,5,4,12
0.312,0.645,0.823,0.145,0.578,0.038,0.756,0.432,0.589,0.271
10.5,1.2,13.9,12.0,18.1,14.0,3.0,0.4,1.7,6.8
0,1.0,2.8,2.5,1.1,0.1,4.5,0.6,1.2,2.3
1.5,0,1.3,3.0,4.4,3.6,3.8,1.5,1.0,0.8
4.8,1.0,0,0.4,3.3,3.1,3.0,3.2,2.6,0.1
4.4,0.1,1.3,0,4.2,0.5,0.4,2.4,0.8,1.6
0.7,3.1,4.9,0.6,0,0.7,2.6,0.3,2.5,2.0
4.0,0.8,4.6,3.7,3.5,0,4.7,2.9,0.3,1.3
4.9,3.8,4.7,0.7,4.1,4.8,0,0.9,0.7,0.5
2.2,2.7,0.3,0.4,3.1,0.0,1.9,0,2.8,4.3
1.5,3.6,3.2,1.5,0.5,4.7,2.3,1.8,0,2.4
3.0,0.2,1.5,3.1,0.1,1.9,4.6,2.1,0,4.3
90.0
120
