40
10
4,8,6,0,3,2,6,2,1,8
0.007,0.714,0.188,0.096,0.551,0.494,0.509,0.542,0.757,0.102
7.692,18.954,0.641,5.436,1.502,9.623,12.086,19.644,1.624,3.362
0,4.83,2.628,2.663,3.488,0.297,3.076,4.474,1.659,4.216
1.596,0,1.503,3.632,0.319,2.343,2.364,2.894,2.18,3.442
3.374,2.855,0,2.369,4.999,3.838,4.499,0.654,4.997,1.373
0.523,1.017,3.335,0,3.2,4.762,4.67,4.495,4.606,1.373
4.815,3.347,0.274,0.817,0,0.751,4.889,4.445,0.786,2.013
1.753,0.359,1.189,1.171,2.303,0,3.811,1.421,3.344,2.71
0.605,1.844,0.918,2.543,1.55,3.825,0,1.07,0.615,4.107
2.788,4.532,0.287,0.45,2.687,0.707,4.906,0,4.923,4.782
1.719,0.687,4.461,2.175,0.209,1.507,2.807,2.163,0,2.102
3.588,1.541,4.19,1.383,2.895,1.159,0.358,4.017,0.951,0
152.21
58
