40
10
10,2,1,2,0,8,4,3,7,3
0.549,0.436,0.493,0.272,0.268,0.599,0.09,0.923,0.5,0.76
4.527,7.454,12.435,4.796,5.686,3.944,3.491,15.486,1.119,5.356
0,4.545,2.132,0.211,0.835,2.672,2.562,2.085,4.723,4.501
2.537,0,2.949,2.091,2.084,3.434,4.222,0.565,3.552,1.921
0.626,3.828,0,0.714,0.433,1.999,2.355,0.877,3.011,3.063
3.797,2.407,2.512,0,3.465,2.97,1.643,3.248,4.549,4.685
4.896,3.842,3.67,0.938,0,1.119,1.47,1.745,2.968,3.549
2.929,4.468,1.524,0.399,3.097,0,2.565,1.831,4.1,2.601
2.362,3.475,0.493,4.953,1.038,2.889,0,1.653,3.774,0.099
3.073,3.53,2.403,1.391,4.805,0.818,4.163,0,2.185,1.922
2.808,0.991,3.236,4.947,2.684,3.116,1.789,1.287,0,1.0
2.802,0.401,3.391,3.812,1.573,4.772,3.03,4.072,3.47,0
210.9
16
