40
10
5,3,8,0,5,4,3,4,3,5
0.479,0.066,0.718,0.266,0.972,0.383,0.569,0.063,0.35,0.977
14.595,10.909,14.13,1.619,16.461,6.002,19.596,9.908,16.939,13.937
0,4.063,3.866,3.293,1.516,4.255,2.313,2.958,2.875,0.025
2.56,0,1.805,3.431,1.634,3.596,0.707,1.715,0.128,4.772
4.895,2.107,0,4.708,2.559,4.833,2.129,1.223,3.612,1.3
3.748,1.963,4.337,0,0.321,2.661,3.068,3.51,4.812,1.173
3.886,0.341,1.807,0.184,0,1.67,3.207,3.262,1.764,3.624
0.63,1.39,3.05,4.873,4.942,0,1.033,1.961,3.815,3.103
1.607,3.421,3.226,0.9,4.106,4.24,0,4.336,1.163,1.656
1.983,3.231,3.367,4.662,0.231,2.963,3.15,0,3.819,2.859
4.901,3.443,1.4,3.898,1.718,4.97,0.67,2.019,0,2.875
4.819,3.713,3.462,3.438,4.758,2.994,3.64,0.992,0.438,0
7.79
14
