100
10
17,4,15,3,16,5,5,16,11,8
0.114,0.838,0.827,0.061,0.521,0.742,0.723,0.207,0.615,0.737
1.056,5.228,17.009,6.433,17.288,6.419,14.117,19.719,4.397,1.805
0,4.629,3.106,1.504,4.014,1.785,3.348,3.026,2.263,1.365
4.953,0,3.317,3.583,1.639,2.589,2.77,2.853,0.883,1.172
3.916,3.893,0,4.37,2.689,4.497,2.239,1.732,0.409,2.468
2.602,0.676,4.05,0,3.446,4.87,1.515,0.881,3.746,1.356
3.023,2.016,4.777,2.694,0,4.489,2.867,0.05,4.099,1.316
0.786,4.844,4.261,4.847,2.802,0,0.506,0.03,3.998,1.155
2.303,4.761,4.219,1.412,2.657,2.44,0,3.355,4.705,3.047
4.852,4.04,4.972,0.292,1.279,3.612,3.074,0,2.239,1.237
3.049,1.709,4.435,0.639,2.749,2.464,3.412,0.508,0,1.724
4.28,3.472,0.864,1.639,3.327,4.398,2.865,4.421,2.533,0
465.21
67
