100
10
16,4,15,14,11,0,21,1,2,16
0.259,0.739,0.781,0.089,0.679,0.02,0.845,0.413,0.604,0.27
11.05,1.008,14.069,11.517,18.208,13.492,2.498,0.321,1.753,7.022
0,0.921,3.005,2.6,1.076,0.1,4.467,0.546,1.112,2.395
1.6,0,1.251,3.318,4.573,3.39,3.937,1.467,1.117,0.798
4.901,1.183,0,0.359,3.286,3.245,3.017,3.042,2.672,0.111
4.387,0.137,1.389,0,4.49,0.522,0.379,2.395,0.867,1.53
0.59,3.396,4.932,0.622,0,0.818,2.608,0.269,2.549,2.055
4.155,0.804,4.673,3.65,3.584,0,4.73,2.896,0.348,1.34
4.852,3.84,4.765,0.683,4.247,4.681,0,0.879,0.601,0.471
2.218,2.875,0.295,0.429,3.066,0.021,1.915,0,2.862,4.363
0.779,0.176,0.577,0.221,0.046,3.208,1.037,2.248,0,2.352
1.48,3.641,3.242,1.636,0.51,4.752,2.249,1.791,4.089,0
88.92
117
